Seq,A,C,D,E,F,G,H,I,K,L,M,N,P,Q,R,S,T,V,W,Y
>1a0s_P,8.716707021791766,0.0,8.232445520581114,3.14769975786925,5.811138014527845,12.106537530266344,1.694915254237288,3.389830508474576,4.116222760290557,7.506053268765134,2.4213075060532687,6.779661016949152,2.4213075060532687,3.14769975786925,4.600484261501211,8.716707021791766,5.811138014527845,4.116222760290557,2.663438256658596,4.600484261501211
>3a2s_X,10.985915492957748,0.0,5.633802816901409,3.943661971830986,3.6619718309859155,12.676056338028168,1.971830985915493,2.8169014084507045,8.169014084507042,4.225352112676056,1.4084507042253522,5.633802816901409,1.1267605633802817,5.352112676056338,4.225352112676056,7.323943661971831,5.352112676056338,9.295774647887324,1.1267605633802817,5.070422535211268
>4aiq_A,7.38255033557047,0.0,6.845637583892618,4.697986577181208,4.295302013422819,10.06711409395973,3.3557046979865772,3.8926174496644297,7.785234899328859,6.442953020134229,1.2080536912751678,6.97986577181208,3.087248322147651,3.3557046979865772,5.771812080536913,6.845637583892618,6.442953020134229,6.442953020134229,1.0738255033557047,4.026845637583892
>3anz_A,3.9735099337748347,0.0,8.27814569536424,4.304635761589404,3.3112582781456954,7.28476821192053,3.3112582781456954,5.629139072847682,9.271523178807946,5.298013245033113,2.6490066225165565,7.9470198675496695,2.980132450331126,3.3112582781456954,3.3112582781456954,7.28476821192053,8.940397350993377,5.629139072847682,2.6490066225165565,4.635761589403973
>6bpm_C,8.528198074277855,0.2751031636863824,7.152682255845942,3.1636863823933976,3.0261348005502064,10.178817056396149,2.063273727647868,5.089408528198074,3.7138927097661623,5.089408528198074,1.3755158184319118,7.4277854195323245,3.988995873452544,3.988995873452544,4.401650618982118,7.565337001375516,11.141678129298487,6.052269601100413,1.2379642365887207,4.53920220082531
>3bry_A,9.977324263038549,0.0,4.535147392290249,1.5873015873015872,4.761904761904762,13.151927437641723,2.947845804988662,3.6281179138321997,2.0408163265306123,8.390022675736962,1.8140589569160999,4.988662131519274,4.081632653061225,4.761904761904762,4.081632653061225,7.936507936507936,7.709750566893423,9.297052154195011,0.9070294784580499,3.4013605442176873
>4bsk_C,4.958677685950414,6.6115702479338845,2.479338842975207,6.6115702479338845,4.958677685950414,4.958677685950414,6.6115702479338845,4.958677685950414,6.6115702479338845,4.958677685950414,2.479338842975207,4.958677685950414,5.785123966942149,2.479338842975207,3.3057851239669422,8.264462809917356,9.917355371900827,5.785123966942149,0.8264462809917356,2.479338842975207
>4c00_A,5.366726296958855,0.0,7.155635062611807,5.008944543828265,4.47227191413238,9.66010733452594,1.073345259391771,4.47227191413238,5.724508050089446,8.765652951699463,0.8944543828264758,3.2200357781753133,4.651162790697675,3.7567084078711988,6.976744186046512,7.155635062611807,7.5134168157423975,7.155635062611807,2.5044722719141324,4.47227191413238
>2c11_A,8.435374149659863,1.2244897959183674,4.625850340136054,4.761904761904762,6.258503401360545,8.571428571428571,3.8095238095238098,2.585034013605442,1.7687074829931975,9.523809523809524,1.6326530612244898,3.4013605442176873,7.891156462585033,5.034013605442176,5.442176870748299,7.346938775510205,4.625850340136054,7.07482993197279,1.9047619047619049,4.081632653061225
>5c58_A,9.248554913294797,0.46242774566473993,7.167630057803469,3.4682080924855487,3.352601156069364,10.635838150289018,1.1560693641618496,3.005780346820809,3.005780346820809,9.248554913294797,1.5028901734104045,5.895953757225433,4.046242774566474,4.855491329479769,6.589595375722543,7.167630057803469,7.167630057803469,4.971098265895954,1.5028901734104045,5.5491329479768785
>4c69_X,6.779661016949152,0.6779661016949152,4.745762711864407,5.084745762711865,4.745762711864407,11.525423728813559,3.050847457627119,3.389830508474576,8.47457627118644,9.491525423728813,1.0169491525423728,6.779661016949152,2.0338983050847457,2.711864406779661,2.711864406779661,7.118644067796611,9.830508474576272,4.745762711864407,1.3559322033898304,3.728813559322034
>4ca9_A,11.224489795918368,0.0,6.122448979591836,4.081632653061225,5.1020408163265305,8.16326530612245,2.0408163265306123,7.142857142857142,8.16326530612245,9.183673469387756,4.081632653061225,2.0408163265306123,2.0408163265306123,5.1020408163265305,2.0408163265306123,8.16326530612245,4.081632653061225,5.1020408163265305,1.0204081632653061,5.1020408163265305
>6cb8_A,5.204460966542751,1.486988847583643,4.4609665427509295,7.434944237918216,5.204460966542751,4.4609665427509295,1.486988847583643,3.3457249070631967,5.947955390334572,13.754646840148698,2.2304832713754648,4.83271375464684,5.5762081784386615,3.717472118959108,5.5762081784386615,7.806691449814126,5.5762081784386615,8.921933085501859,0.7434944237918215,2.2304832713754648
>5d0o_A,5.802469135802469,0.24691358024691357,8.641975308641975,4.691358024691358,4.691358024691358,9.25925925925926,0.9876543209876543,3.8271604938271606,5.555555555555555,7.037037037037037,1.9753086419753085,5.3086419753086425,3.580246913580247,4.074074074074074,4.691358024691358,7.160493827160494,6.91358024691358,8.148148148148149,1.6049382716049383,5.802469135802469
>4d5b_A,4.71976401179941,0.0,5.014749262536873,9.734513274336283,6.1946902654867255,8.259587020648967,3.2448377581120944,3.5398230088495577,7.669616519174041,5.3097345132743365,0.5899705014749262,8.259587020648967,2.359882005899705,3.8348082595870205,5.3097345132743365,6.1946902654867255,5.014749262536873,4.71976401179941,2.0648967551622417,7.964601769911504
>5d5d_A,8.979591836734693,0.0,9.387755102040817,5.3061224489795915,4.6938775510204085,10.612244897959183,2.2448979591836733,3.4693877551020407,2.6530612244897958,8.36734693877551,1.0204081632653061,4.489795918367347,3.6734693877551026,4.081632653061225,7.346938775510205,6.73469387755102,6.938775510204081,3.877551020408163,3.061224489795918,3.061224489795918
>5dl5_A,9.069767441860465,0.0,6.744186046511628,3.7209302325581395,4.883720930232558,10.0,3.488372093023256,4.651162790697675,5.348837209302325,5.5813953488372094,1.1627906976744187,7.441860465116279,2.3255813953488373,4.4186046511627906,3.7209302325581395,7.441860465116279,6.279069767441861,6.511627906976744,1.3953488372093024,5.813953488372093
>5dl7_A,4.77326968973747,0.0,8.1145584725537,4.77326968973747,7.398568019093078,8.591885441527445,3.1026252983293556,3.8186157517899764,5.4892601431980905,9.069212410501192,1.9093078758949882,5.966587112171838,3.1026252983293556,4.05727923627685,6.682577565632458,6.682577565632458,5.250596658711217,4.534606205250596,0.23866348448687352,6.443914081145586
>5dl8_B,6.6339066339066335,0.0,7.616707616707617,5.651105651105651,6.142506142506143,6.388206388206388,3.9312039312039313,3.9312039312039313,8.353808353808354,9.582309582309582,0.7371007371007371,6.6339066339066335,3.194103194103194,4.176904176904177,2.211302211302211,5.405405405405405,6.142506142506143,4.914004914004914,1.4742014742014742,6.87960687960688
>6dlw_A,4.646840148698884,4.4609665427509295,6.5055762081784385,8.736059479553903,5.018587360594796,6.691449814126393,1.6728624535315983,5.390334572490707,6.877323420074349,7.434944237918216,1.6728624535315983,5.018587360594796,3.5315985130111525,2.6022304832713754,5.947955390334572,8.364312267657994,5.762081784386617,5.018587360594796,0.7434944237918215,3.903345724907063
>5dqx_A,6.5743944636678195,0.0,4.844290657439446,5.190311418685121,3.1141868512110724,7.958477508650519,1.7301038062283738,4.1522491349480966,3.8062283737024223,10.034602076124568,2.0761245674740483,7.26643598615917,4.498269896193772,3.4602076124567476,4.844290657439446,7.26643598615917,6.5743944636678195,5.536332179930796,3.1141868512110724,7.958477508650519
>3dwn_A,10.304449648711945,0.0,5.85480093676815,3.278688524590164,5.620608899297424,10.53864168618267,2.576112412177986,4.683840749414521,2.810304449648712,6.557377049180328,1.405152224824356,7.728337236533958,3.747072599531616,4.683840749414521,3.747072599531616,7.962529274004685,6.791569086651054,3.747072599531616,2.576112412177986,5.386416861826698
>3dwo_X,9.977827050997783,0.0,7.5388026607538805,1.5521064301552108,5.099778270509978,11.751662971175167,3.1042128603104215,3.7694013303769403,3.325942350332594,7.095343680709535,2.4390243902439024,5.099778270509978,5.543237250554324,3.325942350332594,4.878048780487805,6.873614190687362,7.317073170731707,4.878048780487805,2.2172949002217295,4.212860310421286
>3dzm_A,7.943925233644859,0.9345794392523363,7.009345794392523,4.672897196261682,5.607476635514018,14.485981308411214,2.803738317757009,0.9345794392523363,3.7383177570093453,10.74766355140187,0.46728971962616817,3.2710280373831773,4.672897196261682,3.7383177570093453,2.803738317757009,6.5420560747663545,4.205607476635514,8.878504672897195,1.4018691588785046,5.14018691588785
>4e1t_A,6.938775510204081,0.0,5.3061224489795915,4.081632653061225,4.8979591836734695,8.979591836734693,1.6326530612244898,2.0408163265306123,3.2653061224489797,12.653061224489795,1.6326530612244898,9.387755102040817,3.2653061224489797,4.8979591836734695,6.530612244897959,6.938775510204081,5.3061224489795915,4.081632653061225,2.4489795918367347,5.714285714285714
>6e14_D,8.19112627986348,0.6825938566552902,5.5745164960182025,2.844141069397042,3.1854379977246867,9.556313993174061,1.9340159271899888,3.8680318543799777,2.7303754266211606,9.556313993174061,1.8202502844141069,7.736063708759955,3.6405005688282137,6.0295790671217295,5.346985210466439,7.849829351535837,7.053469852104664,5.5745164960182025,1.4789533560864618,5.346985210466439
>6e4v_A,6.782106782106783,0.0,7.35930735930736,4.617604617604617,4.329004329004329,8.513708513708513,0.8658008658008658,3.6075036075036073,3.463203463203463,6.349206349206349,2.5974025974025974,7.215007215007215,3.751803751803752,4.473304473304474,4.761904761904762,7.936507936507936,9.37950937950938,6.0606060606060606,2.1645021645021645,5.772005772005772
>1e54_A,9.939759036144578,0.0,6.024096385542169,2.4096385542168677,5.120481927710843,16.265060240963855,0.9036144578313252,3.91566265060241,5.120481927710843,9.33734939759036,0.6024096385542169,5.120481927710843,1.5060240963855422,4.518072289156627,4.216867469879518,7.530120481927711,6.325301204819277,5.72289156626506,0.6024096385542169,4.819277108433735
>3efm_A,9.618104667609618,0.0,6.9306930693069315,3.253182461103253,4.667609618104668,8.062234794908061,3.1117397454031117,4.667609618104668,2.4045261669024045,6.9306930693069315,1.5558698727015559,4.809052333804809,4.667609618104668,4.101838755304102,6.9306930693069315,8.486562942008486,7.779349363507778,5.091937765205092,1.8387553041018387,5.091937765205092
>6ehd_A,9.846153846153847,0.0,8.923076923076923,5.846153846153846,4.615384615384616,12.0,0.9230769230769231,2.769230769230769,6.461538461538462,6.461538461538462,0.6153846153846154,4.615384615384616,0.9230769230769231,2.1538461538461537,2.1538461538461537,5.538461538461538,8.307692307692308,8.307692307692308,1.2307692307692308,8.307692307692308
>3emo_C,11.728395061728394,0.0,6.790123456790123,1.8518518518518516,0.0,13.580246913580247,0.6172839506172839,4.938271604938271,8.024691358024691,4.938271604938271,1.2345679012345678,7.4074074074074066,1.8518518518518516,5.555555555555555,1.8518518518518516,9.876543209876543,6.790123456790123,10.493827160493826,0.6172839506172839,1.8518518518518516
>4epa_A,7.022900763358779,0.3053435114503817,7.480916030534352,2.7480916030534353,2.900763358778626,9.618320610687023,1.0687022900763359,3.5114503816793894,2.595419847328244,7.786259541984733,2.595419847328244,5.190839694656488,4.2748091603053435,5.4961832061068705,6.106870229007633,9.618320610687023,8.091603053435115,6.870229007633588,1.6793893129770994,5.038167938931298
>2erv_A,10.0,0.0,6.0,4.0,5.333333333333334,15.333333333333332,1.3333333333333335,5.333333333333334,4.0,6.0,0.6666666666666667,3.3333333333333335,2.666666666666667,3.3333333333333335,3.3333333333333335,10.0,4.666666666666667,5.333333333333334,4.0,5.333333333333334
>6eus_A,9.210526315789473,0.0,7.894736842105263,3.1578947368421053,4.2105263157894735,9.736842105263158,2.631578947368421,3.421052631578948,6.578947368421052,6.578947368421052,1.0526315789473684,6.052631578947368,3.684210526315789,3.684210526315789,3.684210526315789,7.631578947368421,6.842105263157896,7.894736842105263,0.7894736842105263,5.263157894736842
>2f1c_X,5.244755244755245,0.0,9.44055944055944,8.041958041958042,6.293706293706294,9.44055944055944,4.545454545454546,2.4475524475524475,2.097902097902098,6.643356643356643,1.7482517482517483,7.3426573426573425,2.797202797202797,2.797202797202797,5.594405594405594,4.195804195804196,5.244755244755245,4.895104895104895,3.4965034965034967,7.6923076923076925
>3fhh_A,7.03125,0.0,7.5,3.90625,3.75,10.15625,2.34375,4.375,3.28125,7.03125,2.1875,5.46875,3.75,4.21875,5.3125,9.21875,8.90625,4.6875,2.03125,4.84375
>3fid_A,8.783783783783784,0.0,6.756756756756757,4.054054054054054,5.0675675675675675,11.14864864864865,2.027027027027027,5.743243243243244,4.391891891891892,8.445945945945946,0.6756756756756757,5.405405405405405,3.040540540540541,3.7162162162162162,4.72972972972973,6.756756756756757,6.418918918918918,6.081081081081082,1.0135135135135136,5.743243243243244
>6fok_A,10.37344398340249,0.4149377593360996,7.607192254495159,4.426002766251729,4.702627939142462,10.37344398340249,1.6597510373443984,2.0746887966804977,4.149377593360995,7.745504840940526,2.7662517289073305,4.564315352697095,5.117565698478561,3.18118948824343,6.915629322268327,6.77731673582296,5.809128630705394,5.670816044260028,2.2130013831258646,3.4578146611341634
>4fqe_A,3.6036036036036037,0.0,7.207207207207207,4.954954954954955,4.054054054054054,7.657657657657657,4.504504504504505,3.6036036036036037,7.207207207207207,5.405405405405405,0.9009009009009009,7.657657657657657,2.7027027027027026,2.7027027027027026,5.405405405405405,9.90990990990991,6.756756756756757,6.756756756756757,1.3513513513513513,7.657657657657657
>5fq6_B,5.08130081300813,0.20325203252032523,5.08130081300813,4.369918699186992,5.08130081300813,9.959349593495935,0.3048780487804878,5.182926829268292,4.878048780487805,6.707317073170732,3.048780487804878,8.841463414634147,4.166666666666666,3.4552845528455287,3.760162601626017,9.451219512195122,6.808943089430894,6.402439024390244,1.524390243902439,5.691056910569105
>4frx_A,5.720823798627003,0.0,7.093821510297483,3.203661327231121,5.491990846681922,13.729977116704806,2.517162471395881,3.4324942791762014,4.576659038901601,8.924485125858125,0.0,5.491990846681922,2.9748283752860414,4.118993135011442,5.263157894736842,9.153318077803203,6.864988558352403,5.263157894736842,1.1441647597254003,5.034324942791762
>5fr8_A,6.2755798090040935,0.2728512960436562,6.684856753069577,5.729877216916781,2.728512960436562,9.413369713506139,0.6821282401091405,5.457025920873124,6.548431105047749,7.230559345156889,1.0914051841746248,7.776261937244201,3.0013642564802185,4.502046384720328,4.638472032742155,9.27694406548431,6.8212824010914055,6.2755798090040935,1.5006821282401093,4.092769440654844
>4fsp_A,8.333333333333332,0.24509803921568626,7.107843137254902,5.147058823529411,5.147058823529411,13.480392156862745,2.696078431372549,1.4705882352941175,2.2058823529411766,14.215686274509803,0.7352941176470588,3.431372549019608,2.941176470588235,3.431372549019608,9.313725490196079,7.352941176470589,3.6764705882352944,2.696078431372549,1.2254901960784315,5.147058823529411
>4gey_A,7.568807339449542,0.45871559633027525,7.110091743119266,4.3577981651376145,5.5045871559633035,10.77981651376147,3.669724770642202,2.7522935779816518,5.045871559633028,7.339449541284404,0.9174311926605505,6.422018348623854,3.211009174311927,5.275229357798166,4.128440366972478,5.73394495412844,4.3577981651376145,7.79816513761468,3.211009174311927,4.3577981651376145
>6gie_A,12.162162162162163,0.0,7.4324324324324325,4.391891891891892,6.081081081081082,8.783783783783784,3.7162162162162162,3.040540540540541,5.405405405405405,5.0675675675675675,1.0135135135135136,7.094594594594595,2.7027027027027026,3.7162162162162162,1.6891891891891893,5.0675675675675675,6.418918918918918,9.121621621621621,0.33783783783783783,6.756756756756757
>2grx_A,8.551724137931034,0.5517241379310345,6.758620689655172,4.827586206896552,4.9655172413793105,8.551724137931034,1.7931034482758619,2.206896551724138,5.103448275862069,6.206896551724138,1.3793103448275863,5.931034482758621,4.9655172413793105,4.275862068965517,4.275862068965517,7.448275862068964,7.724137931034483,7.586206896551724,1.2413793103448276,5.655172413793103
>2guf_A,6.0606060606060606,0.0,8.24915824915825,3.0303030303030303,2.861952861952862,10.606060606060606,1.8518518518518516,4.040404040404041,3.1986531986531985,7.23905723905724,0.33670033670033667,4.713804713804714,3.0303030303030303,5.723905723905724,5.218855218855219,7.575757575757576,9.090909090909092,6.7340067340067336,2.1885521885521886,8.24915824915825
>6h04_C,4.4692737430167595,5.21415270018622,5.027932960893855,6.890130353817504,3.7243947858473,7.4487895716946,2.4208566108007448,3.910614525139665,5.772811918063315,6.890130353817504,1.675977653631285,4.8417132216014895,4.4692737430167595,4.283054003724395,6.70391061452514,8.379888268156424,4.8417132216014895,6.33147113594041,1.303538175046555,5.400372439478584
>6h04_F,5.956678700361011,5.234657039711191,7.039711191335741,5.776173285198556,3.429602888086643,9.927797833935017,1.6245487364620936,4.873646209386282,5.595667870036101,6.678700361010831,1.8050541516245486,3.9711191335740073,3.068592057761733,5.415162454873646,5.776173285198556,8.303249097472925,5.234657039711191,3.9711191335740073,1.6245487364620936,4.693140794223827
>6h3i_A,5.2434456928838955,0.16645859342488556,6.866416978776529,4.327923429047025,5.368289637952559,6.783187682064086,0.41614648356221395,5.9508947149396585,5.326674989596338,7.4074074074074066,1.7894298793175198,9.155222638368706,4.910528506034124,4.619225967540574,4.452767374115689,7.990012484394507,6.824802330420308,6.28381190178943,0.7074490220557637,5.409904286308781
>6h3i_F,10.199004975124378,0.24875621890547264,7.462686567164178,4.975124378109453,7.462686567164178,8.955223880597014,0.4975124378109453,4.975124378109453,5.472636815920398,8.208955223880597,1.4925373134328357,4.72636815920398,4.477611940298507,3.233830845771144,3.233830845771144,8.45771144278607,4.975124378109453,4.228855721393035,0.7462686567164178,5.970149253731343
>1h6s_1,12.052117263843648,0.0,9.446254071661238,3.5830618892508146,5.211726384364821,14.006514657980457,0.0,4.234527687296417,2.2801302931596092,4.88599348534202,1.3029315960912053,5.211726384364821,0.6514657980456027,2.9315960912052117,2.9315960912052117,8.143322475570033,7.166123778501629,8.469055374592834,1.3029315960912053,6.188925081433225
>6h7f_A,9.06515580736544,0.0,6.373937677053824,4.107648725212465,4.390934844192635,9.206798866855523,1.41643059490085,3.824362606232295,5.6657223796034,7.365439093484419,1.5580736543909348,5.382436260623229,5.240793201133145,3.9660056657223794,2.974504249291785,7.790368271954675,9.631728045325778,6.373937677053824,1.13314447592068,4.53257790368272
>6hcg_A,10.95890410958904,0.0,5.6316590563165905,4.26179604261796,2.73972602739726,6.2404870624048705,0.45662100456621,6.2404870624048705,5.0228310502283104,9.43683409436834,1.82648401826484,6.392694063926941,3.65296803652968,4.87062404870624,4.5662100456621,8.52359208523592,6.8493150684931505,10.045662100456621,0.45662100456621,1.82648401826484
>2hdf_A,5.164319248826291,0.3129890453834116,8.450704225352112,5.790297339593114,3.1298904538341157,9.076682316118937,1.4084507042253522,3.755868544600939,5.320813771517996,6.729264475743349,1.5649452269170578,6.259780907668231,3.912363067292645,2.97339593114241,5.633802816901409,8.607198748043817,7.82472613458529,7.355242566510173,2.3474178403755865,4.381846635367762
>3hw9_A,9.392265193370166,0.0,7.458563535911603,3.867403314917127,5.248618784530387,13.535911602209943,0.2762430939226519,3.867403314917127,5.248618784530387,6.353591160220995,1.3812154696132597,8.83977900552486,1.3812154696132597,3.591160220994475,3.314917127071823,4.41988950276243,6.077348066298343,7.18232044198895,0.5524861878453038,8.011049723756907
>6i1y_A,8.679927667269439,0.0,6.871609403254973,6.50994575045208,1.4466546112115732,7.414104882459313,0.9041591320072333,7.233273056057866,5.244122965641953,9.041591320072333,2.3508137432188065,6.50994575045208,3.4358047016274864,5.063291139240507,5.244122965641953,6.148282097649186,5.063291139240507,10.488245931283906,0.5424954792043399,1.8083182640144666
>6i97_A,7.942708333333333,0.26041666666666663,8.723958333333332,4.427083333333334,4.296875,9.635416666666668,1.953125,3.2552083333333335,3.6458333333333335,9.635416666666668,1.3020833333333335,4.166666666666666,3.7760416666666665,5.208333333333334,5.338541666666666,7.942708333333333,6.640625,5.208333333333334,1.171875,5.46875
>2imp_A,12.31732776617954,0.6263048016701461,4.592901878914405,8.1419624217119,3.549060542797495,8.768267223382047,1.0438413361169103,7.515657620041753,4.592901878914405,6.8893528183716075,3.1315240083507305,4.175365344467641,4.3841336116910234,4.175365344467641,5.219206680584551,4.175365344467641,3.966597077244259,8.350730688935283,1.4613778705636742,2.9227557411273484
>5iuy_A,15.894039735099339,0.22075055187637968,7.505518763796909,6.843267108167771,2.4282560706401766,6.401766004415011,1.545253863134658,3.090507726269316,1.9867549668874174,11.699779249448124,0.0,1.545253863134658,3.532008830022075,6.181015452538632,10.596026490066226,7.9470198675496695,3.7527593818984544,5.518763796909492,1.3245033112582782,1.9867549668874174
>5iva_A,4.179566563467492,0.30959752321981426,9.907120743034056,3.8699690402476783,6.191950464396285,7.430340557275541,2.321981424148607,3.2507739938080498,3.560371517027864,8.6687306501548,1.8575851393188854,4.798761609907121,4.953560371517028,4.024767801857585,8.204334365325078,6.811145510835913,6.656346749226007,4.179566563467492,1.8575851393188854,6.96594427244582
>5iva_B,13.020833333333334,0.0,4.6875,9.895833333333332,2.083333333333333,4.6875,1.0416666666666665,3.125,3.125,9.375,1.5625,5.729166666666666,4.166666666666666,9.375,7.8125,5.729166666666666,5.208333333333334,6.770833333333333,0.0,2.604166666666667
>5ixm_B,10.1010101010101,0.0,4.040404040404041,6.565656565656567,2.525252525252525,4.545454545454546,4.545454545454546,4.040404040404041,3.535353535353535,10.1010101010101,1.0101010101010102,6.0606060606060606,5.555555555555555,8.080808080808081,5.555555555555555,6.0606060606060606,8.080808080808081,8.585858585858585,0.0,1.0101010101010102
>6jnf_A,7.751937984496124,1.03359173126615,4.909560723514212,4.1343669250646,5.426356589147287,7.751937984496124,1.03359173126615,4.1343669250646,4.909560723514212,10.852713178294573,1.550387596899225,5.684754521963824,5.167958656330749,7.235142118863049,2.5839793281653747,9.560723514211885,6.718346253229974,5.943152454780361,0.7751937984496124,2.842377260981912
>6jnf_B,3.3333333333333335,0.0,1.6666666666666667,3.3333333333333335,6.666666666666667,3.3333333333333335,5.0,6.666666666666667,3.3333333333333335,16.666666666666664,1.6666666666666667,6.666666666666667,8.333333333333332,0.0,3.3333333333333335,13.333333333333334,5.0,5.0,3.3333333333333335,3.3333333333333335
>6jnf_C,8.433734939759036,0.0,10.240963855421686,8.433734939759036,5.421686746987952,4.216867469879518,6.024096385542169,4.819277108433735,4.216867469879518,9.63855421686747,1.2048192771084338,6.024096385542169,3.0120481927710845,4.819277108433735,2.4096385542168677,7.228915662650602,7.228915662650602,6.024096385542169,0.6024096385542169,0.0
>6jnf_D,10.0,0.0,0.0,12.0,4.0,2.0,4.0,2.0,12.0,8.0,4.0,0.0,4.0,12.0,2.0,4.0,4.0,8.0,6.0,2.0
>6jnf_E,19.672131147540984,0.0,3.278688524590164,1.639344262295082,9.836065573770492,8.19672131147541,0.0,3.278688524590164,3.278688524590164,8.19672131147541,8.19672131147541,1.639344262295082,9.836065573770492,8.19672131147541,1.639344262295082,6.557377049180328,1.639344262295082,3.278688524590164,0.0,1.639344262295082
>3jty_A,6.965174129353234,0.0,6.218905472636816,4.228855721393035,5.970149253731343,11.194029850746269,2.4875621890547266,2.736318407960199,4.72636815920398,9.701492537313433,2.4875621890547266,6.7164179104477615,2.4875621890547266,4.477611940298507,5.472636815920398,8.45771144278607,6.467661691542288,3.482587064676617,2.2388059701492535,3.482587064676617
>2k0l_A,10.648148148148149,0.0,6.481481481481481,2.7777777777777777,3.7037037037037033,14.351851851851851,3.7037037037037033,2.7777777777777777,3.2407407407407405,5.555555555555555,2.314814814814815,6.018518518518518,5.092592592592593,3.7037037037037033,4.62962962962963,4.166666666666666,5.555555555555555,6.944444444444445,2.7777777777777777,5.555555555555555
>1k24_A,5.533596837944664,0.0,4.3478260869565215,5.533596837944664,4.3478260869565215,9.486166007905137,2.371541501976284,5.928853754940711,10.276679841897234,9.090909090909092,0.0,6.324110671936759,2.371541501976284,3.1620553359683794,4.3478260869565215,9.090909090909092,8.695652173913043,4.3478260869565215,1.5810276679841897,3.1620553359683794
>4k3b_A,6.944444444444445,0.0,5.808080808080808,5.555555555555555,4.671717171717172,9.974747474747476,0.8838383838383838,4.671717171717172,7.07070707070707,8.207070707070708,2.146464646464646,4.671717171717172,3.535353535353535,4.040404040404041,5.303030303030303,6.4393939393939394,8.45959595959596,5.681818181818182,1.2626262626262625,4.671717171717172
>1kmo_A,7.622739018087856,0.0,6.5891472868217065,4.263565891472868,4.0051679586563305,10.20671834625323,2.0671834625323,3.6175710594315245,3.10077519379845,8.527131782945736,1.937984496124031,6.072351421188631,5.167958656330749,4.521963824289406,5.813953488372093,7.493540051679587,7.10594315245478,5.297157622739018,1.550387596899225,5.038759689922481
>2kpn_A,4.854368932038835,0.0,8.737864077669903,8.737864077669903,0.9708737864077669,7.766990291262135,7.766990291262135,3.8834951456310676,9.70873786407767,5.825242718446602,1.9417475728155338,1.9417475728155338,3.8834951456310676,0.9708737864077669,0.9708737864077669,3.8834951456310676,12.62135922330097,13.592233009708737,0.0,1.9417475728155338
>3kvn_X,10.443037974683545,0.31645569620253167,7.59493670886076,3.6392405063291138,3.6392405063291138,11.550632911392405,2.0569620253164556,2.689873417721519,2.0569620253164556,10.759493670886076,1.2658227848101267,4.90506329113924,4.588607594936709,6.329113924050633,5.063291139240507,7.753164556962025,5.2215189873417724,3.481012658227848,2.0569620253164556,4.588607594936709
>5ldv_A,9.558823529411764,0.0,7.8431372549019605,3.9215686274509802,5.392156862745098,11.76470588235294,0.7352941176470588,3.1862745098039214,5.147058823529411,8.823529411764707,0.49019607843137253,8.823529411764707,0.7352941176470588,3.431372549019608,2.2058823529411766,6.127450980392156,6.61764705882353,7.8431372549019605,1.2254901960784315,6.127450980392156
>2lhf_A,6.145251396648044,0.0,5.58659217877095,3.910614525139665,3.910614525139665,12.849162011173185,1.1173184357541899,3.910614525139665,6.145251396648044,11.731843575418994,0.5586592178770949,9.497206703910614,1.675977653631285,5.58659217877095,3.910614525139665,8.938547486033519,6.145251396648044,2.2346368715083798,1.1173184357541899,5.027932960893855
>2lme_A,12.380952380952381,0.0,5.714285714285714,2.857142857142857,4.761904761904762,11.428571428571429,1.9047619047619049,1.9047619047619049,5.714285714285714,7.6190476190476195,0.9523809523809524,5.714285714285714,1.9047619047619049,4.761904761904762,4.761904761904762,11.428571428571429,1.9047619047619049,7.6190476190476195,1.9047619047619049,4.761904761904762
>2maf_A,7.142857142857142,0.0,5.88235294117647,4.201680672268908,3.361344537815126,7.9831932773109235,3.361344537815126,6.722689075630252,5.46218487394958,3.361344537815126,0.0,7.9831932773109235,4.201680672268908,2.100840336134454,8.823529411764707,6.302521008403361,7.563025210084033,7.142857142857142,1.2605042016806722,7.142857142857142
>5mdo_A,10.511363636363637,0.0,9.659090909090908,5.681818181818182,4.545454545454546,13.352272727272727,0.2840909090909091,3.4090909090909087,3.6931818181818183,5.681818181818182,2.840909090909091,5.681818181818182,2.272727272727273,4.261363636363636,3.6931818181818183,5.965909090909091,3.6931818181818183,4.829545454545454,2.840909090909091,7.1022727272727275
>4mee_A,5.756929637526652,0.0,4.690831556503198,5.11727078891258,2.771855010660981,13.00639658848614,2.9850746268656714,4.264392324093817,4.904051172707889,6.609808102345416,1.7057569296375266,8.742004264392325,2.771855010660981,4.477611940298507,3.411513859275053,8.742004264392325,8.528784648187633,5.11727078891258,2.1321961620469083,4.264392324093817
>1mm4_A,7.647058823529412,0.0,4.705882352941177,5.88235294117647,5.88235294117647,8.823529411764707,5.88235294117647,3.5294117647058822,2.941176470588235,6.470588235294119,2.941176470588235,6.470588235294119,5.88235294117647,2.941176470588235,4.705882352941177,2.3529411764705883,6.470588235294119,2.941176470588235,7.0588235294117645,6.470588235294119
>1mpr_A,7.494145199063232,0.468384074941452,7.962529274004685,4.918032786885246,3.51288056206089,11.00702576112412,1.1709601873536302,5.152224824355972,5.152224824355972,5.152224824355972,2.3419203747072603,6.323185011709602,1.639344262295082,5.386416861826698,3.747072599531616,7.02576112412178,7.02576112412178,4.449648711943794,4.683840749414521,5.386416861826698
>4mt4_A,8.768267223382047,0.20876826722338201,5.427974947807933,7.515657620041753,4.175365344467641,5.6367432150313155,1.6701461377870561,6.05427974947808,7.306889352818372,10.438413361169102,1.0438413361169103,9.394572025052192,1.6701461377870561,3.966597077244259,3.3402922755741122,8.350730688935283,4.175365344467641,3.7578288100208765,1.4613778705636742,5.6367432150313155
>2n6l_A,7.441860465116279,0.0,9.767441860465116,2.3255813953488373,6.046511627906977,11.162790697674419,4.186046511627907,3.255813953488372,6.511627906976744,9.30232558139535,3.7209302325581395,3.7209302325581395,4.186046511627907,3.7209302325581395,1.3953488372093024,5.116279069767442,6.046511627906977,6.046511627906977,1.8604651162790697,4.186046511627907
>5nec_A,7.6923076923076925,0.2699055330634278,7.96221322537112,3.7786774628879893,4.723346828609987,8.906882591093117,2.1592442645074224,3.3738191632928474,5.128205128205128,6.342780026990553,0.5398110661268556,7.827260458839406,4.048582995951417,3.3738191632928474,4.8582995951417,8.367071524966262,8.63697705802969,6.207827260458839,1.6194331983805668,4.183535762483131
>3njt_A,8.303886925795052,0.0,6.36042402826855,2.2968197879858656,3.0035335689045937,10.424028268551238,1.9434628975265018,2.65017667844523,3.356890459363958,10.60070671378092,1.5901060070671376,5.30035335689046,5.123674911660777,5.477031802120141,7.597173144876325,6.713780918727916,5.30035335689046,6.713780918727916,1.0600706713780919,6.18374558303887
>3o44_A,9.106239460370995,1.0118043844856661,7.082630691399664,3.709949409780776,4.0472175379426645,7.419898819561552,1.3490725126475547,4.5531197301854975,4.0472175379426645,7.419898819561552,0.5059021922428331,6.408094435075886,2.866779089376054,5.902192242833052,5.396290050590219,9.106239460370995,6.913996627318718,6.408094435075886,1.854974704890388,4.8903878583473865
>5o67_A,6.88622754491018,0.0,8.08383233532934,3.592814371257485,6.287425149700598,9.281437125748502,2.095808383233533,4.191616766467066,4.191616766467066,6.88622754491018,2.095808383233533,6.287425149700598,4.491017964071856,2.694610778443114,3.592814371257485,10.479041916167663,6.287425149700598,7.784431137724551,1.1976047904191618,3.592814371257485
>5odw_A,7.2392638036809815,0.0,7.2392638036809815,4.785276073619632,3.8036809815950923,8.83435582822086,1.7177914110429449,4.785276073619632,4.539877300613497,7.484662576687116,1.8404907975460123,6.012269938650307,4.294478527607362,3.92638036809816,5.276073619631902,7.975460122699387,6.993865030674846,5.276073619631902,2.208588957055215,5.766871165644172
>6ofr_A,6.036745406824147,0.26246719160104987,7.611548556430446,3.4120734908136483,3.674540682414698,6.561679790026247,2.2309711286089238,5.511811023622047,4.724409448818897,6.955380577427822,1.7060367454068242,8.005249343832022,2.7559055118110236,3.937007874015748,4.986876640419948,9.711286089238845,8.661417322834646,4.986876640419948,2.099737532808399,6.167979002624672
>5onu_A,13.202247191011235,0.0,8.707865168539326,4.775280898876404,4.49438202247191,10.955056179775282,1.9662921348314606,3.089887640449438,5.617977528089887,7.02247191011236,1.9662921348314606,7.584269662921349,0.2808988764044944,2.247191011235955,3.089887640449438,5.8988764044943816,6.460674157303371,5.056179775280898,0.0,7.584269662921349
>1p4t_A,10.967741935483872,0.0,6.451612903225806,1.2903225806451613,4.516129032258064,10.32258064516129,0.6451612903225806,3.870967741935484,5.806451612903226,7.096774193548387,0.0,4.516129032258064,3.225806451612903,1.935483870967742,5.806451612903226,12.903225806451612,4.516129032258064,8.38709677419355,0.0,7.741935483870968
>2por_A,12.956810631229235,0.0,11.295681063122924,5.647840531561462,4.983388704318937,12.624584717607974,0.6644518272425249,2.6578073089700998,3.322259136212625,7.973421926910299,2.990033222591362,2.6578073089700998,1.6611295681063125,0.9966777408637874,2.3255813953488373,6.976744186046512,6.976744186046512,7.641196013289036,0.33222591362126247,5.3156146179401995
>4q35_A,6.483790523690773,0.4987531172069825,7.98004987531172,4.364089775561098,3.117206982543641,6.857855361596011,1.6209476309226933,4.364089775561098,3.366583541147132,7.356608478802992,2.369077306733167,6.733167082294264,4.239401496259352,5.486284289276807,5.7356608478802995,7.107231920199501,6.483790523690773,6.359102244389027,2.119700748129676,7.356608478802992
>6qam_A,7.76255707762557,0.0,7.30593607305936,3.65296803652968,6.8493150684931505,9.58904109589041,4.10958904109589,4.10958904109589,4.5662100456621,8.21917808219178,0.91324200913242,4.5662100456621,4.5662100456621,1.82648401826484,2.73972602739726,8.67579908675799,3.65296803652968,10.045662100456621,1.36986301369863,5.47945205479452
>3qq2_A,11.619718309859154,0.0,5.633802816901409,3.873239436619718,2.464788732394366,16.901408450704224,2.112676056338028,2.8169014084507045,2.464788732394366,8.450704225352112,0.7042253521126761,3.5211267605633805,2.112676056338028,2.8169014084507045,10.56338028169014,4.929577464788732,4.929577464788732,4.577464788732395,2.8169014084507045,6.690140845070422
>3qra_A,5.7324840764331215,0.0,5.7324840764331215,5.7324840764331215,7.643312101910828,12.738853503184714,1.2738853503184715,4.45859872611465,7.006369426751593,6.369426751592357,1.2738853503184715,4.45859872611465,2.547770700636943,2.547770700636943,5.095541401273886,10.191082802547772,2.547770700636943,5.7324840764331215,1.2738853503184715,7.643312101910828
>6r2q_B,7.338129496402877,0.28776978417266186,7.482014388489208,5.0359712230215825,3.1654676258992804,8.345323741007196,0.7194244604316548,4.028776978417266,4.460431654676259,7.625899280575539,2.5899280575539567,8.633093525179856,1.4388489208633095,4.172661870503598,4.172661870503598,8.920863309352518,7.625899280575539,6.043165467625899,1.5827338129496402,6.330935251798561
>4rdr_A,7.219251336898395,0.267379679144385,6.417112299465241,5.080213903743315,3.074866310160428,9.224598930481283,4.946524064171124,3.8770053475935833,4.679144385026738,9.358288770053475,1.06951871657754,6.149732620320856,4.27807486631016,4.545454545454546,7.0855614973262036,6.951871657754011,4.144385026737968,5.213903743315508,1.3368983957219251,5.080213903743315
>6rhy_A,9.523809523809524,0.0,7.142857142857142,7.142857142857142,7.142857142857142,14.285714285714285,7.142857142857142,7.142857142857142,4.761904761904762,4.761904761904762,2.380952380952381,2.380952380952381,0.0,2.380952380952381,2.380952380952381,4.761904761904762,0.0,14.285714285714285,0.0,2.380952380952381
>4rjw_A,11.421911421911423,0.0,10.023310023310025,4.195804195804196,5.128205128205128,10.023310023310025,2.797202797202797,2.797202797202797,6.75990675990676,5.361305361305361,1.1655011655011656,6.526806526806526,1.8648018648018647,2.331002331002331,4.428904428904429,5.361305361305361,6.293706293706294,6.526806526806526,1.6317016317016315,5.361305361305361
>4rl8_A,8.363636363636363,0.0,8.727272727272728,4.0,3.6363636363636362,9.454545454545455,4.0,2.5454545454545454,3.272727272727273,10.909090909090908,1.090909090909091,5.454545454545454,2.909090909090909,4.0,5.454545454545454,5.818181818181818,6.909090909090909,7.2727272727272725,1.4545454545454546,4.7272727272727275
>4rl9_A,9.411764705882353,0.0,7.8431372549019605,3.9215686274509802,2.3529411764705883,11.76470588235294,2.7450980392156863,3.9215686274509802,5.098039215686274,5.88235294117647,2.3529411764705883,8.627450980392156,5.098039215686274,3.5294117647058822,1.9607843137254901,3.5294117647058822,4.705882352941177,7.0588235294117645,2.7450980392156863,7.450980392156863
>4rlc_A,6.857142857142858,0.0,5.142857142857142,5.142857142857142,5.142857142857142,13.142857142857142,6.857142857142858,3.428571428571429,4.0,8.0,2.2857142857142856,7.428571428571429,1.1428571428571428,5.142857142857142,4.0,5.142857142857142,5.142857142857142,5.142857142857142,0.5714285714285714,6.2857142857142865
>6sb5_A,5.108359133126935,2.941176470588235,4.953560371517028,4.953560371517028,4.798761609907121,7.5851393188854495,1.5479876160990713,3.8699690402476783,5.88235294117647,9.442724458204333,2.0123839009287927,5.88235294117647,5.263157894736842,4.489164086687306,3.0959752321981426,7.120743034055728,9.287925696594428,7.739938080495357,0.9287925696594427,3.0959752321981426
>3slj_A,10.86261980830671,0.0,7.987220447284344,4.792332268370607,5.111821086261981,10.86261980830671,4.472843450479233,2.5559105431309903,6.7092651757188495,6.3897763578274756,2.2364217252396164,5.431309904153355,0.9584664536741214,1.5974440894568689,4.472843450479233,7.667731629392971,5.111821086261981,6.3897763578274756,1.5974440894568689,4.792332268370607
>3sy9_A,5.813953488372093,0.0,8.372093023255815,4.186046511627907,4.186046511627907,13.023255813953488,3.953488372093023,3.0232558139534884,3.953488372093023,8.604651162790699,0.46511627906976744,4.4186046511627906,3.488372093023256,3.953488372093023,4.186046511627907,8.837209302325581,5.348837209302325,5.348837209302325,2.0930232558139537,6.744186046511628
>3syb_A,8.137044967880087,0.0,5.995717344753747,5.353319057815846,4.282655246252676,11.777301927194861,3.640256959314775,3.640256959314775,3.854389721627409,7.708779443254818,1.284796573875803,6.209850107066381,3.2119914346895073,4.068522483940043,4.925053533190578,7.066381156316917,6.638115631691649,5.139186295503212,1.4989293361884368,5.567451820128479
>5t3r_D,6.243996157540826,0.2881844380403458,6.051873198847262,4.034582132564841,4.322766570605188,10.278578290105669,0.8645533141210375,5.95581171950048,5.475504322766571,6.628242074927954,2.3054755043227666,7.973102785782901,3.45821325648415,3.842459173871278,4.034582132564841,7.108549471661864,7.492795389048991,6.147934678194044,1.921229586935639,5.571565802113352
>1tlw_A,5.39568345323741,0.0,8.273381294964029,3.237410071942446,6.474820143884892,10.79136690647482,4.676258992805756,4.676258992805756,3.9568345323741005,5.39568345323741,1.7985611510791366,8.992805755395683,2.877697841726619,2.877697841726619,3.237410071942446,6.474820143884892,4.316546762589928,3.9568345323741005,5.0359712230215825,7.553956834532374
>1tqq_A,11.8895966029724,0.0,5.3078556263269645,4.246284501061571,1.910828025477707,4.670912951167728,0.6369426751592357,4.033970276008493,3.397027600849257,10.191082802547772,1.0615711252653928,9.129511677282377,3.397027600849257,9.129511677282377,4.670912951167728,8.280254777070063,7.643312101910828,5.7324840764331215,0.21231422505307856,4.45859872611465
