Seq,A,C,D,E,F,G,H,I,K,L,M,N,P,Q,R,S,T,V,W,Y
>2a0d_A,6.578947368421052,3.1578947368421053,5.0,2.8947368421052633,6.052631578947368,3.9473684210526314,1.0526315789473684,9.473684210526317,3.421052631578948,9.210526315789473,3.421052631578948,3.684210526315789,5.7894736842105265,1.5789473684210527,5.0,8.68421052631579,5.7894736842105265,9.736842105263158,1.8421052631578945,3.684210526315789
>3a0b_F,11.363636363636363,0.0,0.0,2.272727272727273,9.090909090909092,2.272727272727273,2.272727272727273,9.090909090909092,0.0,4.545454545454546,2.272727272727273,4.545454545454546,9.090909090909092,6.8181818181818175,4.545454545454546,4.545454545454546,11.363636363636363,11.363636363636363,2.272727272727273,2.272727272727273
>3a0b_Z,9.67741935483871,0.0,3.225806451612903,0.0,8.064516129032258,6.451612903225806,0.0,8.064516129032258,1.6129032258064515,17.741935483870968,3.225806451612903,1.6129032258064515,3.225806451612903,4.838709677419355,1.6129032258064515,6.451612903225806,1.6129032258064515,17.741935483870968,3.225806451612903,1.6129032258064515
>5a1s_A,10.714285714285714,1.3392857142857142,2.6785714285714284,3.571428571428571,5.580357142857143,10.267857142857142,0.8928571428571428,10.9375,4.017857142857143,11.830357142857142,4.017857142857143,3.125,2.6785714285714284,1.3392857142857142,2.9017857142857144,6.696428571428571,4.464285714285714,8.482142857142858,0.8928571428571428,3.571428571428571
>4a2n_B,3.608247422680412,0.5154639175257731,2.5773195876288657,5.670103092783505,8.24742268041237,5.670103092783505,2.0618556701030926,11.855670103092782,8.762886597938143,11.34020618556701,3.0927835051546393,6.185567010309279,3.0927835051546393,0.5154639175257731,3.608247422680412,4.123711340206185,3.0927835051546393,8.762886597938143,3.608247422680412,3.608247422680412
>6a2j_A,9.06148867313916,2.26537216828479,0.9708737864077669,2.912621359223301,7.766990291262135,6.796116504854369,3.2362459546925564,10.679611650485436,3.2362459546925564,14.886731391585762,2.912621359223301,1.9417475728155338,3.2362459546925564,3.2362459546925564,3.2362459546925564,7.443365695792881,4.53074433656958,6.472491909385113,2.5889967637540456,2.5889967637540456
>3a3y_B,4.918032786885246,2.2950819672131146,5.573770491803279,6.557377049180328,5.901639344262295,7.868852459016394,0.6557377049180327,5.573770491803279,9.508196721311474,9.508196721311474,1.639344262295082,3.606557377049181,4.918032786885246,4.2622950819672125,4.918032786885246,7.213114754098362,3.934426229508197,2.9508196721311477,1.3114754098360655,6.885245901639345
>3a3y_G,8.108108108108109,5.405405405405405,5.405405405405405,5.405405405405405,2.7027027027027026,8.108108108108109,1.3513513513513513,6.756756756756757,4.054054054054054,9.45945945945946,1.3513513513513513,5.405405405405405,4.054054054054054,4.054054054054054,8.108108108108109,2.7027027027027026,6.756756756756757,6.756756756756757,0.0,4.054054054054054
>5a40_A,16.40625,0.78125,0.78125,1.5625,3.125,14.0625,0.78125,4.6875,0.78125,17.1875,3.125,2.34375,3.125,0.0,3.90625,3.90625,9.375,6.25,4.6875,3.125
>7a46_A,10.095497953615281,0.6821282401091405,3.1377899045020468,3.956343792633015,6.139154160982264,6.139154160982264,2.455661664392906,8.049113233287859,3.0013642564802185,12.687585266030013,1.9099590723055935,4.092769440654844,4.911323328785812,3.819918144611187,4.911323328785812,6.002728512960437,6.684856753069577,7.230559345156889,2.3192360163710775,1.7735334242837655
>2a65_A,10.404624277456648,0.0,2.312138728323699,4.624277456647398,9.633911368015415,8.670520231213873,1.1560693641618496,10.404624277456648,3.6608863198458574,11.753371868978805,2.5048169556840074,2.697495183044316,4.8169556840077075,1.1560693641618496,4.046242774566474,3.4682080924855487,5.202312138728324,7.129094412331407,3.0828516377649327,3.275529865125241
>5a63_A,7.757404795486601,1.8335684062059237,4.795486600846263,5.359661495063469,4.372355430183357,5.923836389280677,1.692524682651622,4.372355430183357,3.385049365303244,10.437235543018335,1.5514809590973202,4.795486600846263,5.6417489421720735,4.372355430183357,5.218617771509168,9.449929478138223,6.488011283497884,7.6163610719323,1.5514809590973202,3.385049365303244
>5a63_B,7.708779443254818,1.070663811563169,4.068522483940043,6.852248394004283,4.925053533190578,4.925053533190578,2.141327623126338,6.638115631691649,3.4261241970021414,11.991434689507495,2.7837259100642395,3.640256959314775,4.068522483940043,4.068522483940043,4.282655246252676,7.28051391862955,5.567451820128479,8.779443254817988,1.7130620985010707,4.068522483940043
>5a63_C,10.566037735849058,1.1320754716981132,3.7735849056603774,2.6415094339622645,7.9245283018867925,8.679245283018867,1.509433962264151,6.7924528301886795,1.1320754716981132,14.339622641509434,1.509433962264151,0.7547169811320755,3.3962264150943398,1.8867924528301887,5.660377358490567,8.679245283018867,3.7735849056603774,9.811320754716983,2.2641509433962264,3.7735849056603774
>5a63_D,4.9504950495049505,0.9900990099009901,0.9900990099009901,4.9504950495049505,10.891089108910892,6.9306930693069315,0.0,6.9306930693069315,2.9702970297029703,12.871287128712872,0.9900990099009901,3.9603960396039604,4.9504950495049505,2.9702970297029703,5.9405940594059405,4.9504950495049505,4.9504950495049505,6.9306930693069315,5.9405940594059405,5.9405940594059405
>6a69_A,6.750392464678178,1.3343799058084773,5.8869701726844585,7.378335949764521,3.767660910518053,7.299843014128729,2.197802197802198,7.6923076923076925,7.142857142857142,9.026687598116169,2.119309262166405,4.552590266875981,4.709576138147567,3.453689167974882,4.23861852433281,6.357927786499215,5.808477237048666,7.456828885400315,1.0204081632653061,1.805337519623234
>6a69_B,6.73758865248227,1.4184397163120568,4.25531914893617,7.092198581560284,1.4184397163120568,5.319148936170213,2.4822695035460995,6.73758865248227,5.673758865248227,7.801418439716312,2.127659574468085,8.156028368794328,6.73758865248227,1.773049645390071,4.964539007092199,8.51063829787234,6.382978723404255,7.446808510638298,1.4184397163120568,3.546099290780142
>3a7k_A,12.714776632302405,1.0309278350515463,3.7800687285223367,4.123711340206185,4.123711340206185,7.216494845360824,0.6872852233676976,6.185567010309279,1.718213058419244,15.120274914089347,3.0927835051546393,1.718213058419244,3.7800687285223367,1.0309278350515463,1.718213058419244,8.24742268041237,7.560137457044673,9.965635738831615,2.7491408934707904,3.436426116838488
>6a70_B,10.320901994796184,1.5611448395490026,4.770164787510842,4.076322636600174,4.163052905464007,7.632263660017347,2.9488291413703385,1.9080659150043366,2.4284475281873377,15.177797051170858,1.2142237640936688,1.0407632263660018,5.2905464006938425,3.0355594102341716,7.632263660017347,9.627059843885515,3.7294015611448397,8.065915004336514,3.0355594102341716,2.3417172593235036
>4a82_A,7.26643598615917,0.17301038062283738,5.3633217993079585,4.844290657439446,5.536332179930796,6.401384083044983,2.422145328719723,12.283737024221452,5.190311418685121,10.726643598615917,1.384083044982699,5.017301038062284,2.5951557093425603,4.325259515570934,4.671280276816609,4.844290657439446,6.228373702422145,6.920415224913495,0.5190311418685121,3.2871972318339098
>1a91_A,16.455696202531644,0.0,3.79746835443038,2.5316455696202533,5.063291139240507,12.658227848101266,0.0,10.126582278481013,1.2658227848101267,15.18987341772152,10.126582278481013,2.5316455696202533,3.79746835443038,2.5316455696202533,2.5316455696202533,0.0,1.2658227848101267,7.59493670886076,0.0,2.5316455696202533
>6a90_A,6.516290726817042,1.8170426065162906,5.701754385964912,4.6992481203007515,7.832080200501252,5.075187969924812,1.6290726817042605,7.456140350877193,4.260651629072681,10.588972431077694,3.258145363408521,4.260651629072681,4.072681704260652,3.4461152882205512,5.137844611528822,5.576441102756892,4.323308270676692,8.145363408521304,2.0050125313283207,4.197994987468672
>6ab9_A,10.81081081081081,0.6756756756756757,4.054054054054054,1.6891891891891893,5.405405405405405,7.4324324324324325,2.7027027027027026,8.108108108108109,3.040540540540541,10.81081081081081,5.743243243243244,3.3783783783783785,2.027027027027027,5.0675675675675675,2.027027027027027,5.743243243243244,6.081081081081082,7.77027027027027,2.7027027027027026,4.72972972972973
>2ac6_A,6.963788300835655,2.785515320334262,3.3426183844011144,1.9498607242339834,7.520891364902507,3.3426183844011144,2.2284122562674096,10.30640668523677,6.685236768802229,12.534818941504177,3.064066852367688,4.456824512534819,4.456824512534819,1.392757660167131,3.3426183844011144,8.07799442896936,5.013927576601671,6.406685236768802,1.392757660167131,4.735376044568245
>2acz_C,7.751937984496124,0.0,1.550387596899225,3.875968992248062,6.976744186046512,7.751937984496124,2.3255813953488373,10.077519379844961,3.875968992248062,11.627906976744185,4.651162790697675,1.550387596899225,2.3255813953488373,2.3255813953488373,4.651162790697675,7.751937984496124,5.426356589147287,11.627906976744185,2.3255813953488373,1.550387596899225
>2acz_D,9.565217391304348,0.0,1.7391304347826086,1.7391304347826086,7.82608695652174,6.956521739130435,1.7391304347826086,8.695652173913043,1.7391304347826086,13.91304347826087,3.4782608695652173,1.7391304347826086,0.8695652173913043,1.7391304347826086,2.608695652173913,4.3478260869565215,6.086956521739131,16.52173913043478,3.4782608695652173,5.217391304347826
>4ac5_H,10.077519379844961,0.3875968992248062,6.5891472868217065,7.3643410852713185,2.3255813953488373,7.3643410852713185,1.550387596899225,3.10077519379845,3.488372093023256,12.015503875968992,0.3875968992248062,0.7751937984496124,6.976744186046512,3.488372093023256,6.976744186046512,3.875968992248062,5.813953488372093,11.24031007751938,1.550387596899225,4.651162790697675
>7aci_A,8.458646616541353,0.5639097744360901,2.819548872180451,3.195488721804511,5.451127819548872,8.082706766917292,1.6917293233082706,6.578947368421052,2.631578947368421,13.533834586466165,2.631578947368421,3.7593984962406015,6.954887218045112,4.323308270676692,5.451127819548872,6.203007518796992,5.827067669172932,5.639097744360902,3.007518796992481,3.195488721804511
>6adq_E,8.211143695014663,0.8797653958944283,4.69208211143695,7.331378299120235,6.744868035190615,7.331378299120235,1.466275659824047,6.158357771260997,4.69208211143695,7.624633431085044,2.6392961876832843,4.105571847507331,6.451612903225806,2.932551319648094,4.9853372434017595,5.278592375366569,6.158357771260997,8.211143695014663,2.346041055718475,1.7595307917888565
>6adq_G,11.330049261083744,0.49261083743842365,0.9852216748768473,2.955665024630542,8.374384236453201,9.35960591133005,2.955665024630542,5.41871921182266,0.9852216748768473,10.344827586206897,3.4482758620689653,1.477832512315271,3.4482758620689653,1.9704433497536946,3.9408866995073892,6.403940886699508,8.374384236453201,10.83743842364532,2.4630541871921183,4.433497536945813
>6adq_H,15.107913669064748,0.7194244604316548,2.877697841726619,6.474820143884892,8.633093525179856,8.633093525179856,2.158273381294964,5.755395683453238,0.7194244604316548,11.510791366906476,1.4388489208633095,0.0,3.597122302158273,0.0,3.597122302158273,4.316546762589928,9.352517985611511,7.913669064748201,4.316546762589928,2.877697841726619
>6adq_I,8.860759493670885,0.0,3.79746835443038,3.79746835443038,2.5316455696202533,16.455696202531644,10.126582278481013,5.063291139240507,3.79746835443038,10.126582278481013,2.5316455696202533,0.0,7.59493670886076,0.0,2.5316455696202533,5.063291139240507,6.329113924050633,6.329113924050633,3.79746835443038,1.2658227848101267
>6adq_D,7.000000000000001,0.0,5.0,7.000000000000001,3.0,10.0,5.0,5.0,0.0,8.0,5.0,3.0,4.0,3.0,8.0,6.0,3.0,12.0,6.0,0.0
>6adq_C,11.904761904761903,1.3605442176870748,4.761904761904762,3.4013605442176873,2.380952380952381,13.26530612244898,2.0408163265306123,3.741496598639456,2.380952380952381,8.16326530612245,4.421768707482993,2.380952380952381,6.802721088435375,4.421768707482993,7.482993197278912,7.8231292517006805,4.421768707482993,5.782312925170068,0.6802721088435374,2.380952380952381
>6adq_A,7.363420427553444,1.187648456057007,4.513064133016627,7.363420427553444,4.98812351543943,11.163895486935866,1.9002375296912115,5.463182897862233,5.7007125890736345,9.263657957244655,2.137767220902613,1.4251781472684086,6.88836104513064,2.8503562945368173,5.938242280285035,5.463182897862233,5.7007125890736345,6.175771971496437,2.137767220902613,2.375296912114014
>7ad3_B,6.960556844547564,0.46403712296983757,5.104408352668213,2.784222737819025,6.2645011600928076,4.176334106728538,0.9280742459396751,7.65661252900232,3.944315545243619,10.208816705336426,2.5522041763341066,5.336426914153132,3.480278422273782,3.248259860788863,3.7122969837587005,11.36890951276102,10.440835266821345,6.2645011600928076,0.6960556844547563,4.408352668213457
>7adp_A,6.3444108761329305,0.8056394763343404,4.229607250755287,5.94159113796576,3.927492447129909,5.840886203423968,2.6183282980866065,4.733131923464249,5.0352467270896275,12.28600201409869,1.9133937562940584,2.8197381671701915,4.531722054380665,5.337361530715005,5.13595166163142,8.862034239677746,5.740181268882175,8.459214501510575,2.014098690835851,3.4239677744209467
>7adp_C,4.980842911877394,0.0,5.363984674329502,5.363984674329502,6.130268199233716,4.980842911877394,1.1494252873563218,5.747126436781609,6.513409961685824,11.494252873563218,6.130268199233716,3.8314176245210727,4.980842911877394,4.980842911877394,3.8314176245210727,6.513409961685824,6.896551724137931,6.513409961685824,2.2988505747126435,2.2988505747126435
>7adp_E,9.352517985611511,0.7194244604316548,8.633093525179856,4.316546762589928,5.755395683453238,4.316546762589928,3.597122302158273,3.597122302158273,6.474820143884892,12.23021582733813,2.158273381294964,4.316546762589928,2.877697841726619,2.158273381294964,6.474820143884892,9.352517985611511,5.755395683453238,4.316546762589928,0.7194244604316548,2.877697841726619
>7adp_F,10.909090909090908,0.9090909090909091,0.9090909090909091,1.8181818181818181,7.2727272727272725,11.818181818181818,0.9090909090909091,4.545454545454546,3.6363636363636362,16.363636363636363,1.8181818181818181,1.8181818181818181,2.727272727272727,0.0,6.363636363636363,6.363636363636363,5.454545454545454,8.181818181818182,1.8181818181818181,6.363636363636363
>5aex_A,9.306930693069306,2.376237623762376,3.762376237623762,2.5742574257425743,4.752475247524752,11.881188118811881,3.1683168316831685,6.534653465346535,2.9702970297029703,9.504950495049505,3.1683168316831685,3.9603960396039604,3.762376237623762,1.3861386138613863,2.5742574257425743,7.326732673267326,7.128712871287128,7.128712871287128,3.3663366336633667,3.3663366336633667
>6aei_A,6.405228758169934,1.5686274509803921,3.7908496732026142,7.0588235294117645,5.228758169934641,3.7908496732026142,2.6143790849673203,6.7973856209150325,5.490196078431373,13.333333333333334,2.7450980392156863,5.620915032679739,4.183006535947712,3.5294117647058822,5.228758169934641,6.535947712418301,4.313725490196078,5.228758169934641,2.091503267973856,4.444444444444445
>7aft_A,7.083333333333333,0.625,2.2916666666666665,3.958333333333333,6.041666666666667,8.333333333333332,0.20833333333333334,9.791666666666666,4.583333333333333,13.750000000000002,2.9166666666666665,2.7083333333333335,5.0,4.791666666666667,3.958333333333333,7.5,6.25,5.416666666666667,1.0416666666666665,3.75
>7aft_C,8.75,1.25,1.25,10.0,3.75,7.5,1.25,12.5,13.750000000000002,5.0,1.25,2.5,3.75,3.75,3.75,2.5,2.5,11.25,0.0,3.75
>7aft_G,7.664233576642336,1.094890510948905,2.9197080291970803,5.839416058394161,5.474452554744526,6.204379562043796,1.824817518248175,6.934306569343065,10.583941605839415,9.48905109489051,1.824817518248175,4.37956204379562,4.37956204379562,4.37956204379562,5.109489051094891,6.934306569343065,2.18978102189781,6.204379562043796,1.094890510948905,5.474452554744526
>2ag3_A,3.225806451612903,0.0,3.225806451612903,19.35483870967742,0.0,3.225806451612903,3.225806451612903,12.903225806451612,12.903225806451612,16.129032258064516,3.225806451612903,3.225806451612903,0.0,3.225806451612903,9.67741935483871,3.225806451612903,0.0,0.0,0.0,3.225806451612903
>7ahc_A,8.88888888888889,0.0,4.615384615384616,3.076923076923077,4.102564102564102,8.376068376068375,1.8803418803418803,8.205128205128204,7.6923076923076925,9.401709401709402,3.9316239316239314,4.444444444444445,3.9316239316239314,3.418803418803419,1.3675213675213675,7.179487179487179,6.495726495726497,8.88888888888889,2.735042735042735,1.3675213675213675
>6ak3_B,10.739856801909307,2.1479713603818613,3.341288782816229,3.8186157517899764,4.534606205250596,7.159904534606206,1.6706443914081146,5.250596658711217,5.250596658711217,14.081145584725538,2.6252983293556085,2.863961813842482,2.1479713603818613,4.534606205250596,4.534606205250596,7.159904534606206,6.921241050119331,6.682577565632458,2.6252983293556085,1.9093078758949882
>7ak5_K,6.122448979591836,3.061224489795918,1.0204081632653061,2.0408163265306123,6.122448979591836,4.081632653061225,1.0204081632653061,4.081632653061225,1.0204081632653061,19.387755102040817,8.16326530612245,6.122448979591836,3.061224489795918,2.0408163265306123,1.0204081632653061,13.26530612244898,9.183673469387756,7.142857142857142,0.0,2.0408163265306123
>7ak5_L,5.2718286655683695,0.9884678747940692,1.9769357495881383,1.8121911037891267,7.57825370675453,4.118616144975288,2.14168039538715,11.696869851729819,3.789126853377265,14.827018121911037,6.425041186161449,6.589785831960461,4.2833607907743,1.8121911037891267,1.4827018121911038,8.896210873146623,9.555189456342669,2.471169686985173,2.14168039538715,2.14168039538715
>7ak5_M,5.88235294117647,0.6535947712418301,1.3071895424836601,1.7429193899782136,3.7037037037037033,3.7037037037037033,2.3965141612200433,11.76470588235294,3.0501089324618738,18.736383442265794,8.061002178649238,4.57516339869281,4.357298474945534,2.3965141612200433,1.9607843137254901,9.368191721132897,8.714596949891067,1.7429193899782136,2.832244008714597,3.0501089324618738
>7ak5_Y,12.587412587412588,3.4965034965034967,2.797202797202797,4.195804195804196,4.895104895104895,12.587412587412588,2.097902097902098,4.895104895104895,4.195804195804196,6.993006993006993,3.4965034965034967,1.3986013986013985,4.195804195804196,1.3986013986013985,4.195804195804196,4.895104895104895,9.79020979020979,6.293706293706294,0.6993006993006993,4.895104895104895
>7ak5_Z,6.25,0.0,3.4722222222222223,8.333333333333332,4.166666666666666,8.333333333333332,0.6944444444444444,6.25,4.861111111111112,9.027777777777777,6.25,4.166666666666666,6.25,2.7777777777777777,9.722222222222223,3.4722222222222223,4.166666666666666,4.166666666666666,3.4722222222222223,4.166666666666666
>7ak5_c,7.894736842105263,1.3157894736842104,1.3157894736842104,5.263157894736842,3.9473684210526314,3.9473684210526314,1.3157894736842104,2.631578947368421,3.9473684210526314,11.842105263157894,2.631578947368421,5.263157894736842,6.578947368421052,1.3157894736842104,9.210526315789473,11.842105263157894,2.631578947368421,10.526315789473683,2.631578947368421,3.9473684210526314
>7ak5_h,7.936507936507936,0.5291005291005291,3.1746031746031744,7.936507936507936,4.761904761904762,6.349206349206349,2.6455026455026456,6.878306878306878,5.82010582010582,10.052910052910052,2.6455026455026456,2.1164021164021163,7.4074074074074066,2.1164021164021163,8.465608465608465,5.82010582010582,4.232804232804233,4.761904761904762,1.5873015873015872,4.761904761904762
>7ak5_k,10.576923076923077,0.0,3.8461538461538463,6.730769230769231,5.769230769230769,14.423076923076922,8.653846153846153,2.8846153846153846,7.6923076923076925,6.730769230769231,2.8846153846153846,2.8846153846153846,3.8461538461538463,2.8846153846153846,4.807692307692308,1.9230769230769231,2.8846153846153846,3.8461538461538463,3.8461538461538463,2.8846153846153846
>7ak5_l,6.989247311827956,0.5376344086021506,6.989247311827956,5.913978494623656,3.763440860215054,6.451612903225806,3.763440860215054,1.6129032258064515,3.225806451612903,5.376344086021505,5.913978494623656,3.225806451612903,10.21505376344086,2.6881720430107525,8.064516129032258,3.225806451612903,3.763440860215054,7.526881720430108,3.763440860215054,6.989247311827956
>7ak6_A,6.956521739130435,0.8695652173913043,1.7391304347826086,5.217391304347826,7.82608695652174,2.608695652173913,0.0,9.565217391304348,3.4782608695652173,19.130434782608695,5.217391304347826,3.4782608695652173,5.217391304347826,2.608695652173913,0.8695652173913043,6.086956521739131,8.695652173913043,3.4782608695652173,3.4782608695652173,3.4782608695652173
>7ak6_b,8.333333333333332,0.0,5.952380952380952,1.1904761904761905,2.380952380952381,4.761904761904762,1.1904761904761905,5.952380952380952,5.952380952380952,8.333333333333332,5.952380952380952,5.952380952380952,13.095238095238097,1.1904761904761905,2.380952380952381,8.333333333333332,2.380952380952381,8.333333333333332,3.571428571428571,4.761904761904762
>7ak6_i,3.125,0.0,5.46875,5.46875,5.46875,3.125,3.90625,3.90625,5.46875,9.375,4.6875,1.5625,10.15625,3.125,10.15625,5.46875,3.90625,7.03125,3.90625,4.6875
>2amk_A,7.920792079207921,2.376237623762376,4.158415841584159,3.762376237623762,4.9504950495049505,4.554455445544554,1.188118811881188,7.128712871287128,6.336633663366337,10.099009900990099,1.9801980198019802,5.148514851485149,3.1683168316831685,3.3663366336633667,4.158415841584159,9.306930693069306,8.91089108910891,5.544554455445545,2.5742574257425743,3.3663366336633667
>3aou_A,14.743589743589745,0.0,1.282051282051282,1.9230769230769231,7.6923076923076925,12.82051282051282,0.641025641025641,9.615384615384617,3.8461538461538463,12.179487179487179,4.487179487179487,2.564102564102564,2.564102564102564,5.769230769230769,0.0,5.128205128205128,6.41025641025641,6.41025641025641,0.0,1.9230769230769231
>4aq5_A,3.036876355748373,2.1691973969631237,5.42299349240781,4.989154013015185,4.772234273318872,4.3383947939262475,3.036876355748373,10.195227765726681,4.989154013015185,9.97830802603037,3.470715835140998,3.68763557483731,4.55531453362256,2.8199566160520604,3.036876355748373,6.941431670281996,6.507592190889371,9.97830802603037,2.386117136659436,3.68763557483731
>4aq5_C,4.597701149425287,1.7241379310344827,4.980842911877394,5.747126436781609,5.172413793103448,4.406130268199234,2.2988505747126435,9.003831417624522,4.597701149425287,9.961685823754788,2.2988505747126435,7.854406130268199,5.363984674329502,2.681992337164751,4.406130268199234,6.513409961685824,4.980842911877394,7.088122605363985,1.9157088122605364,4.406130268199234
>7aqo_C,4.21455938697318,0.7662835249042145,8.812260536398467,9.961685823754788,1.532567049808429,3.065134099616858,1.9157088122605364,5.747126436781609,8.42911877394636,12.643678160919542,2.681992337164751,3.4482758620689653,3.065134099616858,4.597701149425287,5.363984674329502,8.812260536398467,4.980842911877394,4.597701149425287,1.1494252873563218,4.21455938697318
>1ar1_B,13.087248322147651,1.342281879194631,5.369127516778524,4.697986577181208,4.026845637583892,5.369127516778524,2.013422818791946,6.375838926174497,3.691275167785235,9.395973154362416,2.684563758389262,3.0201342281879198,6.7114093959731544,4.026845637583892,2.684563758389262,4.3624161073825505,4.026845637583892,11.409395973154362,2.348993288590604,3.3557046979865772
>4atv_A,11.970074812967582,0.7481296758104738,2.493765586034913,2.7431421446384037,4.987531172069826,9.476309226932669,1.99501246882793,9.975062344139651,2.7431421446384037,15.96009975062344,2.9925187032418954,2.493765586034913,3.99002493765586,1.4962593516209477,3.7406483790523692,6.234413965087282,3.4912718204488775,8.229426433915211,1.99501246882793,2.2443890274314215
>2aui_A,10.043668122270741,0.0,3.056768558951965,6.550218340611353,8.296943231441048,12.663755458515283,0.0,8.296943231441048,7.423580786026202,13.100436681222707,0.43668122270742354,3.4934497816593884,6.986899563318777,2.6200873362445414,2.6200873362445414,3.9301310043668125,4.8034934497816595,5.240174672489083,0.0,0.43668122270742354
>4av3_A,11.292517006802722,0.5442176870748299,4.081632653061225,3.2653061224489797,5.3061224489795915,10.476190476190476,1.6326530612244898,8.435374149659863,4.625850340136054,11.292517006802722,3.2653061224489797,2.9931972789115644,3.8095238095238098,1.6326530612244898,2.4489795918367347,6.938775510204081,4.8979591836734695,8.299319727891156,0.9523809523809524,3.8095238095238098
>4avm_A,7.59493670886076,0.42194092827004215,4.641350210970464,12.236286919831224,4.219409282700422,2.5316455696202533,2.9535864978902953,3.79746835443038,10.970464135021098,9.282700421940929,2.109704641350211,5.485232067510549,0.42194092827004215,6.751054852320674,5.063291139240507,7.172995780590717,2.5316455696202533,6.329113924050633,1.2658227848101267,4.219409282700422
>6ave_A,6.451612903225806,3.984819734345351,6.072106261859583,7.590132827324478,5.502846299810247,6.451612903225806,2.4667931688804554,4.933586337760911,5.88235294117647,9.297912713472485,2.6565464895635675,4.364326375711575,4.743833017077799,3.795066413662239,4.933586337760911,4.554079696394687,5.502846299810247,5.313092979127135,0.5692599620493358,4.933586337760911
>5aww_E,10.0,0.0,1.6666666666666667,6.666666666666667,10.0,5.0,0.0,6.666666666666667,0.0,16.666666666666664,3.3333333333333335,0.0,1.6666666666666667,5.0,11.666666666666666,0.0,8.333333333333332,8.333333333333332,1.6666666666666667,3.3333333333333335
>5aww_G,9.333333333333334,0.0,4.0,1.3333333333333335,4.0,14.666666666666666,0.0,4.0,1.3333333333333335,22.666666666666664,2.666666666666667,0.0,2.666666666666667,2.666666666666667,4.0,2.666666666666667,4.0,13.333333333333334,1.3333333333333335,5.333333333333334
>5awz_A,11.475409836065573,0.819672131147541,3.278688524590164,2.459016393442623,4.098360655737705,9.836065573770492,0.819672131147541,11.065573770491802,2.8688524590163933,10.655737704918032,4.098360655737705,2.8688524590163933,4.098360655737705,2.0491803278688523,1.639344262295082,2.8688524590163933,6.967213114754098,9.426229508196721,2.8688524590163933,5.737704918032787
>6awf_C,10.76923076923077,0.0,1.5384615384615385,4.615384615384616,6.923076923076923,3.8461538461538463,0.7692307692307693,9.230769230769232,7.6923076923076925,10.76923076923077,2.307692307692308,3.076923076923077,6.923076923076923,0.7692307692307693,3.076923076923077,2.307692307692308,7.6923076923076925,9.230769230769232,5.384615384615385,3.076923076923077
>6awf_D,8.403361344537815,0.8403361344537815,2.5210084033613445,1.680672268907563,6.722689075630252,10.084033613445378,4.201680672268908,9.243697478991598,2.5210084033613445,15.126050420168067,5.042016806722689,1.680672268907563,6.722689075630252,0.8403361344537815,3.361344537815126,3.361344537815126,2.5210084033613445,10.084033613445378,3.361344537815126,1.680672268907563
>2axt_B,9.215686274509805,0.39215686274509803,3.9215686274509802,5.098039215686274,8.627450980392156,10.980392156862745,2.7450980392156863,4.901960784313726,2.7450980392156863,8.627450980392156,2.3529411764705883,2.549019607843137,6.2745098039215685,2.549019607843137,4.901960784313726,5.294117647058823,5.490196078431373,6.862745098039216,3.5294117647058822,2.941176470588235
>2axt_C,8.456659619450317,0.42283298097251587,2.9598308668076108,4.651162790697675,6.765327695560254,12.473572938689218,2.748414376321353,6.342494714587738,2.9598308668076108,9.936575052854122,2.536997885835095,3.5940803382663846,5.2854122621564485,1.9027484143763214,4.0169133192389,6.765327695560254,5.07399577167019,6.765327695560254,3.5940803382663846,2.748414376321353
>2axt_E,7.142857142857142,0.0,4.761904761904762,5.952380952380952,7.142857142857142,5.952380952380952,1.1904761904761905,8.333333333333332,2.380952380952381,7.142857142857142,1.1904761904761905,0.0,5.952380952380952,5.952380952380952,5.952380952380952,7.142857142857142,9.523809523809524,7.142857142857142,2.380952380952381,4.761904761904762
>3ayf_A,7.000000000000001,0.125,3.6249999999999996,4.625,6.75,8.625,2.625,7.75,4.875,11.25,3.0,3.25,3.5000000000000004,3.6249999999999996,3.5000000000000004,4.5,4.625,8.25,3.6249999999999996,4.875
>3aym_A,10.267857142857142,2.232142857142857,3.571428571428571,3.3482142857142856,6.696428571428571,7.366071428571429,1.3392857142857142,8.258928571428571,4.017857142857143,5.580357142857143,5.133928571428571,3.3482142857142856,8.928571428571429,5.580357142857143,2.9017857142857144,6.25,3.3482142857142856,4.910714285714286,2.455357142857143,4.464285714285714
>4ayw_A,10.177705977382875,0.48465266558966075,3.392568659127625,5.492730210016155,4.523424878836833,8.723747980613894,1.1308562197092082,5.815831987075929,4.361873990306947,12.116316639741518,2.4232633279483036,3.715670436187399,4.361873990306947,3.0694668820678515,6.30048465266559,8.723747980613894,4.523424878836833,7.269789983844912,0.8077544426494345,2.5848142164781907
>5aym_A,7.2727272727272725,0.22727272727272727,2.5,3.6363636363636362,7.045454545454545,8.863636363636363,1.3636363636363635,5.909090909090909,2.727272727272727,17.5,1.3636363636363635,2.0454545454545454,3.6363636363636362,3.4090909090909087,5.0,9.090909090909092,4.772727272727273,8.409090909090908,2.727272727272727,2.5
>5azb_A,5.333333333333334,0.0,2.666666666666667,3.0,9.333333333333334,10.333333333333334,3.6666666666666665,8.0,1.0,11.0,4.0,3.0,6.333333333333334,4.0,6.0,5.0,2.666666666666667,7.666666666666666,2.666666666666667,4.333333333333334
>2b0x_A,5.555555555555555,3.508771929824561,2.631578947368421,2.631578947368421,8.187134502923977,3.508771929824561,2.631578947368421,8.47953216374269,4.385964912280701,10.526315789473683,2.3391812865497075,5.263157894736842,4.093567251461988,3.8011695906432745,4.385964912280701,5.847953216374268,6.432748538011696,10.526315789473683,1.7543859649122806,3.508771929824561
>6b2z_L,0.0,0.0,0.0,0.0,14.583333333333334,2.083333333333333,0.0,8.333333333333332,2.083333333333333,25.0,8.333333333333332,2.083333333333333,6.25,6.25,4.166666666666666,6.25,4.166666666666666,4.166666666666666,0.0,6.25
>6b2z_N,10.047846889952153,0.0,4.30622009569378,8.61244019138756,2.8708133971291865,2.8708133971291865,0.9569377990430622,5.741626794258373,9.569377990430622,11.483253588516746,0.9569377990430622,4.784688995215311,2.3923444976076556,5.741626794258373,3.349282296650718,9.569377990430622,4.784688995215311,9.090909090909092,0.4784688995215311,2.3923444976076556
>6b2z_Q,12.631578947368421,0.0,2.1052631578947367,3.1578947368421053,5.263157894736842,7.368421052631578,6.315789473684211,6.315789473684211,9.473684210526317,6.315789473684211,1.0526315789473684,5.263157894736842,7.368421052631578,1.0526315789473684,4.2105263157894735,7.368421052631578,2.1052631578947367,5.263157894736842,1.0526315789473684,6.315789473684211
>6b2z_S,10.16949152542373,0.0,5.084745762711865,3.389830508474576,10.16949152542373,6.779661016949152,0.0,3.389830508474576,10.16949152542373,5.084745762711865,3.389830508474576,5.084745762711865,8.47457627118644,0.0,5.084745762711865,5.084745762711865,3.389830508474576,8.47457627118644,1.694915254237288,5.084745762711865
>6b2z_T,8.823529411764707,0.0,5.88235294117647,5.88235294117647,4.411764705882353,7.352941176470589,4.411764705882353,5.88235294117647,14.705882352941178,10.294117647058822,2.941176470588235,4.411764705882353,7.352941176470589,2.941176470588235,0.0,2.941176470588235,4.411764705882353,4.411764705882353,0.0,2.941176470588235
>3b4r_A,4.910714285714286,0.0,1.7857142857142856,4.017857142857143,6.696428571428571,8.482142857142858,1.3392857142857142,15.178571428571427,6.696428571428571,16.517857142857142,4.017857142857143,4.464285714285714,3.125,0.8928571428571428,2.232142857142857,6.25,1.7857142857142856,7.5892857142857135,0.4464285714285714,3.571428571428571
>4b4a_A,8.433734939759036,0.0,0.8032128514056224,5.622489959839357,8.835341365461847,4.819277108433735,0.8032128514056224,12.851405622489958,5.622489959839357,17.269076305220885,2.0080321285140563,0.4016064257028112,6.024096385542169,2.8112449799196786,2.8112449799196786,5.622489959839357,3.2128514056224895,6.425702811244979,0.4016064257028112,5.220883534136546
>3b5d_A,8.181818181818182,2.727272727272727,0.9090909090909091,1.8181818181818181,4.545454545454546,10.909090909090908,0.9090909090909091,13.636363636363635,0.9090909090909091,14.545454545454545,3.6363636363636362,1.8181818181818181,4.545454545454546,1.8181818181818181,2.727272727272727,7.2727272727272725,6.363636363636363,4.545454545454546,3.6363636363636362,4.545454545454546
>5b57_A,21.818181818181817,1.2987012987012987,3.3766233766233764,1.0389610389610389,3.116883116883117,10.909090909090908,4.1558441558441555,3.3766233766233764,0.7792207792207793,17.142857142857142,1.2987012987012987,1.2987012987012987,5.454545454545454,2.0779220779220777,5.714285714285714,4.415584415584416,2.857142857142857,8.311688311688311,1.0389610389610389,0.5194805194805194
>7b5c_A,6.145833333333333,1.6666666666666667,5.520833333333333,6.875000000000001,5.729166666666666,5.0,2.1875,6.458333333333334,6.458333333333334,8.958333333333334,2.9166666666666665,3.5416666666666665,5.0,2.7083333333333335,6.25,5.833333333333333,5.0,7.291666666666667,1.4583333333333333,5.0
>2b6s_A,15.240641711229946,4.010695187165775,2.406417112299465,2.406417112299465,3.7433155080213902,6.684491978609626,2.6737967914438503,2.406417112299465,2.6737967914438503,13.903743315508022,1.8716577540106951,2.406417112299465,7.219251336898395,2.6737967914438503,6.417112299465241,7.219251336898395,2.941176470588235,7.219251336898395,1.8716577540106951,4.010695187165775
>2b6v_A,3.5502958579881656,2.6627218934911245,2.366863905325444,2.6627218934911245,7.988165680473373,2.6627218934911245,1.4792899408284024,11.242603550295858,7.100591715976331,11.242603550295858,2.0710059171597637,4.142011834319527,3.8461538461538463,3.5502958579881656,3.2544378698224854,10.355029585798817,5.029585798816568,8.579881656804734,1.7751479289940828,4.437869822485207
>7b7o_A,13.20754716981132,0.0,0.0,9.433962264150944,7.547169811320755,11.320754716981133,0.0,5.660377358490567,13.20754716981132,13.20754716981132,0.0,0.0,5.660377358490567,3.7735849056603774,0.0,5.660377358490567,3.7735849056603774,7.547169811320755,0.0,0.0
>6b85_J,13.452914798206278,0.0,6.278026905829597,9.865470852017937,0.4484304932735426,2.690582959641256,2.242152466367713,6.278026905829597,8.520179372197308,19.730941704035875,2.242152466367713,2.242152466367713,2.242152466367713,2.242152466367713,4.0358744394618835,5.381165919282512,3.1390134529147984,4.0358744394618835,2.242152466367713,2.690582959641256
>6b87_A,3.6036036036036037,0.0,2.7027027027027026,13.513513513513514,0.9009009009009009,0.9009009009009009,4.504504504504505,9.90990990990991,3.6036036036036037,25.225225225225223,1.8018018018018018,0.9009009009009009,0.0,5.405405405405405,9.00900900900901,2.7027027027027026,2.7027027027027026,9.90990990990991,0.9009009009009009,1.8018018018018018
>3b9w_A,14.004914004914005,0.7371007371007371,2.457002457002457,3.9312039312039313,5.405405405405405,10.565110565110565,3.6855036855036856,7.862407862407863,2.457002457002457,13.022113022113022,1.9656019656019657,2.7027027027027026,3.194103194103194,2.7027027027027026,2.457002457002457,5.405405405405405,5.651105651105651,8.353808353808354,0.7371007371007371,2.7027027027027026
>6baj_B,9.933774834437086,0.1892147587511826,4.446546830652791,4.824976348155157,5.10879848628193,8.420056764427624,1.608325449385052,6.811731315042574,4.068117313150426,9.744560075685904,3.9735099337748347,3.6896877956480605,4.257332071901608,4.541154210028382,3.595080416272469,5.865657521286661,6.338694418164617,9.176915799432356,0.8514664143803218,2.554399243140965
>4bbj_A,11.141304347826086,0.8152173913043478,3.6684782608695654,6.25,2.5815217391304346,9.239130434782608,3.260869565217391,6.25,4.755434782608696,10.46195652173913,3.6684782608695654,2.1739130434782608,4.755434782608696,3.125,3.804347826086957,6.521739130434782,5.0271739130434785,10.326086956521738,1.2228260869565217,0.9510869565217392
>6bbf_A,8.411214953271028,1.4018691588785046,2.336448598130841,7.476635514018691,4.205607476635514,3.2710280373831773,5.14018691588785,7.476635514018691,3.2710280373831773,14.018691588785046,4.672897196261682,3.2710280373831773,3.7383177570093453,2.336448598130841,2.803738317757009,9.345794392523365,5.14018691588785,7.009345794392523,2.336448598130841,2.336448598130841
>6bbj_A,5.414746543778802,1.3824884792626728,5.529953917050691,5.76036866359447,5.0691244239631335,5.529953917050691,2.1889400921658986,6.451612903225806,5.64516129032258,11.059907834101383,3.110599078341014,5.184331797235023,4.723502304147465,3.225806451612903,5.414746543778802,7.027649769585254,5.0691244239631335,6.797235023041474,1.1520737327188941,4.262672811059908
>7bb3_A,8.695652173913043,0.0,7.246376811594203,11.594202898550725,2.898550724637681,7.246376811594203,2.898550724637681,2.898550724637681,11.594202898550725,7.246376811594203,2.898550724637681,1.4492753623188406,0.0,4.3478260869565215,2.898550724637681,7.246376811594203,4.3478260869565215,1.4492753623188406,2.898550724637681,10.144927536231885
>6bcj_B,7.974481658692185,2.073365231259968,5.741626794258373,5.422647527910686,4.4657097288676235,7.256778309409888,2.711323763955343,3.269537480063796,3.4290271132376398,13.31738437001595,1.674641148325359,2.5518341307814993,5.18341307814992,3.588516746411483,8.133971291866029,7.256778309409888,4.545454545454546,6.698564593301436,2.3125996810207337,2.3923444976076556
>6bd4_A,7.142857142857142,3.0952380952380953,5.714285714285714,5.238095238095238,5.714285714285714,6.428571428571428,3.571428571428571,7.857142857142857,4.523809523809524,9.761904761904763,2.857142857142857,3.571428571428571,2.619047619047619,1.6666666666666667,2.857142857142857,6.190476190476191,5.714285714285714,7.380952380952381,3.0952380952380953,5.0
>1be3_K,8.928571428571429,0.0,7.142857142857142,0.0,3.571428571428571,8.928571428571429,0.0,3.571428571428571,5.357142857142857,12.5,1.7857142857142856,3.571428571428571,5.357142857142857,3.571428571428571,8.928571428571429,3.571428571428571,5.357142857142857,8.928571428571429,5.357142857142857,3.571428571428571
>4bem_J,15.384615384615385,0.0,2.7472527472527473,2.197802197802198,4.945054945054945,13.736263736263737,0.0,11.538461538461538,3.296703296703297,9.340659340659341,5.4945054945054945,2.7472527472527473,3.8461538461538463,3.296703296703297,1.098901098901099,6.593406593406594,3.296703296703297,8.241758241758241,0.5494505494505495,1.6483516483516485
>4bgn_A,5.704697986577181,0.33557046979865773,3.0201342281879198,7.046979865771812,7.38255033557047,5.369127516778524,3.3557046979865772,9.060402684563758,2.348993288590604,12.080536912751679,2.684563758389262,2.013422818791946,3.0201342281879198,3.691275167785235,6.0402684563758395,6.7114093959731544,4.3624161073825505,10.06711409395973,2.684563758389262,3.0201342281879198
>7bgy_A,11.131059245960502,1.0771992818671454,1.615798922800718,2.6929982046678633,6.283662477558348,10.053859964093357,1.0771992818671454,4.847396768402154,1.436265709156194,15.080789946140035,5.206463195691203,4.308797127468582,4.488330341113106,3.5906642728904847,3.052064631956912,6.642728904847396,5.385996409335727,8.797127468581687,1.615798922800718,1.615798922800718
>7bgy_B,13.929618768328444,0.8797653958944283,4.838709677419355,4.398826979472141,3.3724340175953076,8.357771260997067,0.7331378299120235,7.771260997067449,4.545454545454546,10.850439882697946,2.785923753665689,3.519061583577713,3.812316715542522,3.3724340175953076,4.838709677419355,5.278592375366569,6.011730205278592,8.651026392961878,1.1730205278592376,0.8797653958944283
>7bgy_C,11.538461538461538,0.0,2.8846153846153846,3.3653846153846154,2.403846153846154,8.653846153846153,4.326923076923077,4.807692307692308,2.403846153846154,12.01923076923077,0.9615384615384616,5.769230769230769,6.730769230769231,5.288461538461538,4.326923076923077,7.6923076923076925,5.288461538461538,7.211538461538461,1.9230769230769231,2.403846153846154
